seed for initial terms =  393921 	
seed for non-zero terms =  71596732 	
seed for coefficients =   1225638 	
	
relative error =  [[0.36636678 0.14114745 0.258085   0.54588281 0.53181172 0.38424273
  0.15115981 0.0691797  0.19724347 0.4854345 ]
 [0.64246288 0.18947617 0.0371597  0.74889387 0.12651567 0.71933544
  0.29457603 0.06769399 0.51739919 0.18251095]
 [0.6424351  0.1775263  0.02541122 0.60592618 0.10113463 0.79056586
  0.30435293 0.05495631 0.45182332 0.1710484 ]
 [0.74770856 0.30225202 0.52667094 0.75056712 0.25162257 0.46527782
  0.47408912 0.63051095 0.36001067 0.19687138]
 [0.13148079 0.02068703 0.28436576 0.21319232 0.05343186 0.17280241
  0.36502401 0.18494322 0.43965366 0.07951636]]
relative error (rot) =  [[0.00545224 0.00509889 0.0668643  0.13647436 0.01198221 0.17082666
  0.03472139 0.02490333 0.0366687  0.02633447]
 [0.00785916 0.02358588 0.04088719 0.14560146 0.06159082 0.03213899
  0.05228215 0.02240372 0.17766631 0.00435418]
 [0.0061164  0.00681442 0.03348749 0.03636364 0.01612671 0.07769704
  0.04425462 0.00724139 0.13603505 0.00490236]
 [0.02490551 0.00528505 0.02941218 0.098373   0.01734032 0.15409836
  0.01520792 0.00652131 0.01345183 0.00450653]
 [0.00059836 0.00105748 0.09760998 0.06330309 0.00131551 0.00275912
  0.09138822 0.00186325 0.15982329 0.01100539]]
	
